0.577922077922078, 0.22462203023758098, 0.9458333321598886, 0.1923076572249473
0.538961038961039, 0.6868250539956804, 0.9499999977766311, 0.6666666261266058
0.6493506493506493, 0.8358531317494601, 0.9499999977766311, 0.6666666261266058
0.6103896103896104, 0.9546436285097192, 0.9458333321598886, 0.9957264796144203
0.6266233766233766, 0.9892008639308856, 0.9458333321598886, 1.0
0.30844155844155846, 0.9395248380129589, 0.6250000018528075, 0.9273504270905552
0.16233766233766234, 0.9265658747300216, 0.3958333058500231, 0.9230768762999297
0.14935064935064934, 0.91792656587473, 0.36249996609362395, 0.9059829163777934
0.08116883116883117, 0.9006479481641468, 0.13333329973575853, 0.9188033863193956
0.03571428571428571, 0.9114470842332614, 0.0, 0.9188033863193956
0.1590909090909091, 0.06911447084233262, 0.7916666561674245, 0.11965808431550246
0.2824675324675325, 0.1900647948164147, 0.7958333310482042, 0.24786314859207306
0.31493506493506496, 0.46652267818574517, 0.7874999886978746, 0.4017093959922136
0.32142857142857145, 0.5701943844492441, 0.7874999886978746, 0.4786324588821925
0.35064935064935066, 0.6997840172786177, 0.7916666561674245, 0.5769230324849333
0.39285714285714285, 0.857451403887689, 0.7874999886978746, 0.7179486883232888
0.4090909090909091, 0.9028077753779697, 0.7874999886978746, 0.7948717512132677
0.31493506493506496, 0.8876889848812095, 0.6916666665431461, 0.7991453020038932
0.21753246753246752, 0.8682505399568035, 0.5749999922182087, 0.7991453020038932
0.16233766233766234, 0.8466522678185745, 0.47083332030192104, 0.7991453020038932
0.14935064935064934, 0.7624190064794817, 0.47083332030192104, 0.7136751983427547
0.13636363636363635, 0.6673866090712743, 0.47083332030192104, 0.6495726053943781
0.1266233766233766, 0.5593952483801296, 0.47083332030192104, 0.5769230324849333
0.1525974025974026, 0.5248380129589633, 0.47083332030192104, 0.512820500346648
0.1396103896103896, 0.41252699784017277, 0.4750000025939304, 0.4102563759532818
0.13636363636363635, 0.28725701943844495, 0.47083332030192104, 0.3333333130633029
0.13636363636363635, 0.17278617710583152, 0.4750000025939304, 0.25213676019278985
0.1331168831168831, 0.07991360691144708, 0.4750000025939304, 0.1282050642765706
0.13636363636363635, 0.05183585313174946, 0.47083332030192104, 0.07692306288997891
0.15584415584415584, 0.023758099352051837, 0.47083332030192104, 0.0
0.05194805194805195, 0.038876889848812095, 0.36249996609362395, 0.012820469941602245
0.525974025974026, 0.06695464362850972, 1.0, 0.14957263579942376
0.39285714285714285, 0.21166306695464362, 0.9958333325304501, 0.32051272150151794
0.38961038961038963, 0.2915766738660907, 0.9916666650609002, 0.38888880443042867
0.37662337662337664, 0.39092872570194387, 0.9749999988883156, 0.46153843814996487
0.4025974025974026, 0.4773218142548596, 0.9749999988883156, 0.5341880110594097
0.41883116883116883, 0.6025917926565875, 0.9749999988883156, 0.6025640939883204
0.35714285714285715, 0.6349892008639308, 0.8833333330862924, 0.6068375839688546
0.288961038961039, 0.6457883369330454, 0.7833333360507843, 0.6068375839688546
0.22402597402597402, 0.652267818574514, 0.6666666469033874, 0.6111110739493886
0.1525974025974026, 0.6263498920086393, 0.5083333127054106, 0.598290543197695
0.12012987012987013, 0.4816414686825054, 0.5083333127054106, 0.4871794388432607
0.10714285714285714, 0.3390928725701944, 0.5083333127054106, 0.3846153144498946
0.09415584415584416, 0.19654427645788336, 0.5083333127054106, 0.2948717816183134
0.14935064935064934, 0.19438444924406048, 0.6124999846216983, 0.2948717816183134
0.19480519480519481, 0.20086393088552915, 0.7291666589466357, 0.2991452715988475
0.24675324675324675, 0.19438444924406048, 0.8291666633933735, 0.2991452715988475
0.2694805194805195, 0.15334773218142547, 0.8916666643197773, 0.2948717816183134
0.31493506493506496, 0.26997840172786175, 0.9041666648756195, 0.3717948445082923
0.30194805194805197, 0.38444924406047515, 0.8874999987030348, 0.4487179073982713
0.30194805194805197, 0.509719222462203, 0.8874999987030348, 0.5341880110594097
0.3116883116883117, 0.6047516198704104, 0.8833333330862924, 0.6111110739493886
0.32792207792207795, 0.6825053995680346, 0.8833333330862924, 0.6666666261266058
0.35064935064935066, 0.7624190064794817, 0.8916666643197773, 0.7264957290944484
0.3474025974025974, 0.8034557235421166, 0.8874999987030348, 0.7948717512132677
0.3474025974025974, 0.8423326133909287, 0.8874999987030348, 0.8504273033904849
0.37337662337662336, 0.8790496760259179, 0.8833333330862924, 0.8974358756066338
0.22402597402597402, 0.8401727861771058, 0.799999998517754, 0.8931623856260998
0.18506493506493507, 0.8034557235421166, 0.6458333243780974, 0.8846153448549403
0.17532467532467533, 0.6587473002159827, 0.6458333243780974, 0.7820512812716655
0.17532467532467533, 0.5269978401727862, 0.6458333243780974, 0.7094017083622206
0.3181818181818182, 0.6673866090712743, 0.8666666632080928, 0.6666666261266058
0.33766233766233766, 0.5356371490280778, 0.9124999988883156, 0.5854700732560928
0.32142857142857145, 0.38660907127429806, 0.9083333323451693, 0.4914529288237948
0.34415584415584416, 0.28077753779697623, 0.9083333323451693, 0.38888880443042867
0.32792207792207795, 0.1511879049676026, 0.9083333323451693, 0.2777777000759944
0.2922077922077922, 0.06263498920086392, 0.9083333323451693, 0.18376067726387912
0.44805194805194803, 0.0, 0.9083333323451693, 0.10256400277318341
0.2662337662337662, 0.15334773218142547, 0.7958333310482042, 0.10683761437390021
0.18831168831168832, 0.17494600431965443, 0.7041666541293363, 0.10256400277318341
0.21103896103896103, 0.326133909287257, 0.7041666541293363, 0.25213676019278985
0.22727272727272727, 0.4190064794816415, 0.7124999890684361, 0.3162392315209838
0.23376623376623376, 0.4708423326133909, 0.7124999890684361, 0.3504272729854392
0.23376623376623376, 0.5356371490280778, 0.7124999890684361, 0.40598288597274773
0.2435064935064935, 0.6090712742980562, 0.7124999890684361, 0.47008541811103305
0.2532467532467532, 0.6846652267818575, 0.716666656537986, 0.5341880110594097
0.4383116883116883, 0.5658747300215983, 0.954166665246181, 0.5427349910204778
0.4253246753246753, 0.4298056155507559, 0.9499999977766311, 0.4401709274372031
0.5, 0.2786177105831533, 0.9458333321598886, 0.3333333130633029
0.5, 0.16630669546436286, 0.9458333321598886, 0.23076918866993676
0.4967532467532468, 0.09719222462203024, 0.9458333321598886, 0.162393105741026
0.5746753246753247, 0.058315334773218146, 0.9458333321598886, 0.05982898134765987
0.4805194805194805, 0.30669546436285094, 0.9458333321598886, 0.24786314859207306
0.487012987012987, 0.4708423326133909, 0.9458333321598886, 0.33760680304383694
0.5097402597402597, 0.6198704103671706, 0.9416666665431461, 0.41452986593381586
0.525974025974026, 0.7213822894168467, 0.9374999990735963, 0.49572647961442023
0.5357142857142857, 0.8228941684665226, 0.9374999990735963, 0.5641025017332396
0.5324675324675324, 0.8660907127429806, 0.9416666665431461, 0.6153845639299227
0.538961038961039, 0.9287257019438445, 0.9374999990735963, 0.7051281575715952
0.551948051948052, 0.9740820734341252, 0.9416666665431461, 0.7820512812716655
0.551948051948052, 1.0, 0.9416666665431461, 0.8333332826582572
0.4318181818181818, 0.9632829373650108, 0.8291666633933735, 0.7735042405005059
0.4090909090909091, 0.9114470842332614, 0.8291666633933735, 0.6880341368393675
0.35714285714285715, 0.8488120950323974, 0.7750000011116844, 0.6196581147205481
0.2792207792207792, 0.8228941684665226, 0.6916666665431461, 0.5854700732560928
0.2012987012987013, 0.8012958963282938, 0.566666657279109, 0.5854700732560928
0.1396103896103896, 0.7948164146868251, 0.4541666504237215, 0.5811965224654673
0.09090909090909091, 0.7796976241900648, 0.3500000081523527, 0.5811965224654673
0.04220779220779221, 0.7602591792656588, 0.24166662429913668, 0.5854700732560928
0.012987012987012988, 0.7473002159827213, 0.1583333341979768, 0.5854700732560928
0.003246753246753247, 0.6263498920086393, 0.1583333341979768, 0.4871794388432607
0.048701298701298704, 0.6004319654427646, 0.2666666587613549, 0.4914529288237948
0.09090909090909091, 0.693304535637149, 0.36249996609362395, 0.4914529288237948
0.14285714285714285, 0.693304535637149, 0.4541666504237215, 0.4871794388432607
0.19805194805194806, 0.6803455723542117, 0.5583333223400092, 0.4871794388432607
0.2792207792207792, 0.6155507559395248, 0.6500000066701067, 0.4871794388432607
0.23376623376623376, 0.5183585313174947, 0.6458333243780974, 0.35897437456669007
0.15584415584415584, 0.5205183585313174, 0.5333333175227098, 0.35897437456669007
0.22402597402597402, 0.47516198704103674, 0.6124999846216983, 0.3547007629659733
0.18181818181818182, 0.39740820734341253, 0.6041666496825985, 0.2777777000759944
0.12337662337662338, 0.4406047516198704, 0.5083333127054106, 0.2777777000759944
0.1038961038961039, 0.31965442764578833, 0.5083333127054106, 0.18376067726387912
0.09415584415584416, 0.23326133909287258, 0.5083333127054106, 0.11111110435443429
0.09415584415584416, 0.1511879049676026, 0.5083333127054106, 0.04700851140605762
0.11688311688311688, 0.31101511879049676, 0.5083333127054106, 0.1581196157604919
0.12337662337662338, 0.43844492440604754, 0.5083333127054106, 0.25213676019278985
0.16883116883116883, 0.5291576673866091, 0.5416666524618097, 0.34188029302437106
0.8246753246753247, 0.5248380129589633, 0.8291666633933735, 0.34188029302437106
0.9512987012987013, 0.5010799136069114, 0.9625000001852807, 0.34188029302437106
0.987012987012987, 0.5680345572354212, 0.9625000001852807, 0.4273503358754181
0.9512987012987013, 0.6241900647948164, 0.9499999977766311, 0.5299145210788756
0.9285714285714286, 0.6997840172786177, 0.9499999977766311, 0.6111110739493886
0.45454545454545453, 0.7041036717062635, 0.9499999977766311, 0.6666666261266058
0.36038961038961037, 0.712742980561555, 0.8291666633933735, 0.6666666261266058
0.3051948051948052, 0.7278617710583153, 0.7249999914770858, 0.6666666261266058
0.237012987012987, 0.714902807775378, 0.5999999970355081, 0.6666666261266058
0.16558441558441558, 0.712742980561555, 0.4208333106673224, 0.6666666261266058
0.12337662337662338, 0.7062634989200864, 0.3041666511648445, 0.6666666261266058
0.10064935064935066, 0.7062634989200864, 0.22916666635786542, 0.6666666261266058
0.05519480519480519, 0.6436285097192225, 0.10416667191628773, 0.6623931361460716
0.025974025974025976, 0.4924406047516199, 0.10416667191628773, 0.5256409702882502
0.0, 0.38660907127429806, 0.10416667191628773, 0.42307684589488403
0.00974025974025974, 0.2678185745140389, 0.10416667191628773, 0.32051272150151794
0.05519480519480519, 0.34773218142548595, 0.23749997165204625, 0.33760680304383694
0.12012987012987013, 0.3650107991360691, 0.39166665320293265, 0.33760680304383694
0.3181818181818182, 0.34557235421166305, 0.5083333127054106, 0.33760680304383694
0.5454545454545454, 0.38660907127429806, 0.6083333319746079, 0.33760680304383694
0.6136363636363636, 0.5853131749460043, 0.6166666669137076, 0.47008541811103305
0.5616883116883117, 0.6889848812095032, 0.6166666669137076, 0.598290543197695
0.7402597402597403, 0.693304535637149, 0.7583333312334849, 0.598290543197695
0.922077922077922, 0.652267818574514, 0.924999998517754, 0.598290543197695
1.0, 0.6263498920086393, 0.9416666665431461, 0.5854700732560928
0.9642857142857143, 0.42548596112311016, 0.9374999990735963, 0.46153843814996487
0.8896103896103896, 0.23110151187904968, 0.9374999990735963, 0.34188029302437106
0.36038961038961037, 0.08207343412526998, 0.9374999990735963, 0.22649569868940267
0.3051948051948052, 0.2591792656587473, 0.9291666659873039, 0.38888880443042867
0.1525974025974026, 0.3412526997840173, 0.7583333312334849, 0.38888880443042867
0.1590909090909091, 0.5334773218142549, 0.754166663763935, 0.5170939903271821
0.17207792207792208, 0.6630669546436285, 0.754166663763935, 0.6068375839688546
0.17857142857142858, 0.7602591792656588, 0.754166663763935, 0.6837606468588334
